8 0.4853515625 0.28125 0.369140625 0.15625
14 0.7236328125 0.333984375 0.068359375 0.0703125
15 0.3095703125 0.3271484375 0.044921875 0.048828125
13 0.4130859375 0.4130859375 0.427734375 0.126953125
10 0.5234375 0.4921875 0.19921875 0.11328125
12 0.193359375 0.4755859375 0.04296875 0.103515625
7 0.3984375 0.619140625 0.48828125 0.328125
18 0.6318359375 0.68359375 0.111328125 0.2734375
18 0.8251953125 0.548828125 0.041015625 0.17578125
9 0.724609375 0.4248046875 0.10546875 0.451171875
3 0.77734375 0.3916015625 0.1015625 0.388671875