8 0.4921875 0.380859375 0.40234375 0.16015625
15 0.287109375 0.44921875 0.046875 0.046875
14 0.7548828125 0.4423828125 0.091796875 0.076171875
13 0.43359375 0.4833984375 0.44921875 0.083984375
10 0.5966796875 0.5517578125 0.142578125 0.107421875
7 0.412109375 0.6826171875 0.54296875 0.357421875
12 0.1904296875 0.560546875 0.041015625 0.1015625
18 0.66796875 0.7763671875 0.109375 0.291015625
18 0.2431640625 0.869140625 0.107421875 0.05859375
18 0.8525390625 0.7275390625 0.068359375 0.197265625
9 0.7587890625 0.537109375 0.130859375 0.46484375
3 0.8095703125 0.52734375 0.115234375 0.43359375