10 0.4853515625 0.5458984375 0.173828125 0.138671875
14 0.720703125 0.3271484375 0.08984375 0.072265625
13 0.359375 0.416015625 0.45703125 0.19140625
15 0.2724609375 0.263671875 0.033203125 0.0390625
8 0.4541015625 0.248046875 0.431640625 0.2421875
7 0.3291015625 0.6689453125 0.537109375 0.458984375
18 0.607421875 0.736328125 0.10546875 0.26953125
9 0.73046875 0.388671875 0.1640625 0.546875
3 0.81640625 0.3251953125 0.1328125 0.419921875
18 0.873046875 0.48046875 0.046875 0.17578125
12 0.1142578125 0.4501953125 0.041015625 0.103515625